4
1,0
0,0
1,1
0,1
1
4 1 3 2 0
89999999999999999999999999999999999999999999999999999999999999999999999999999999999999999999999999990,89999999999999999999999999999999999999999999999999999999999999999999999999999999999999999999999999990
89999999999999999999999999999999999999999999999999999999999999999999999999999999999999999999999999991,89999999999999999999999999999999999999999999999999999999999999999999999999999999999999999999999999990
89999999999999999999999999999999999999999999999999999999999999999999999999999999999999999999999999990,89999999999999999999999999999999999999999999999999999999999999999999999999999999999999999999999999991
89999999999999999999999999999999999999999999999999999999999999999999999999999999999999999999999999991,89999999999999999999999999999999999999999999999999999999999999999999999999999999999999999999999999991
