4
0,0
1,1
1,0
0,1
1
4 0 3 1 2
199999999999999999999999999999999999999999999999999999999999999999999999999999999999999999999999999990,199999999999999999999999999999999999999999999999999999999999999999999999999999999999999999999999999991
199999999999999999999999999999999999999999999999999999999999999999999999999999999999999999999999999991,199999999999999999999999999999999999999999999999999999999999999999999999999999999999999999999999999990
199999999999999999999999999999999999999999999999999999999999999999999999999999999999999999999999999991,199999999999999999999999999999999999999999999999999999999999999999999999999999999999999999999999999991
199999999999999999999999999999999999999999999999999999999999999999999999999999999999999999999999999990,199999999999999999999999999999999999999999999999999999999999999999999999999999999999999999999999999990
