4
1,0
0,0
1,1
0,1
1
4 1 3 2 0
209999999999999999999999999999999999999999999999999999999999999999999999999999999999999999999999999991,209999999999999999999999999999999999999999999999999999999999999999999999999999999999999999999999999990
209999999999999999999999999999999999999999999999999999999999999999999999999999999999999999999999999991,209999999999999999999999999999999999999999999999999999999999999999999999999999999999999999999999999991
209999999999999999999999999999999999999999999999999999999999999999999999999999999999999999999999999990,209999999999999999999999999999999999999999999999999999999999999999999999999999999999999999999999999990
209999999999999999999999999999999999999999999999999999999999999999999999999999999999999999999999999990,209999999999999999999999999999999999999999999999999999999999999999999999999999999999999999999999999991
