7
1,0
1,1
4792099063644735757678933194001/11836693533873956595868936556001,7023286442617642069336224057902/11836693533873956595868936556001
1,247209466107656371/415372279431944421
0,1
0,0
15402092358872239/37875680186841000,0
3
6 1 4 5 6 2 3
3 3 2 6
3 3 0 6
4813407091256314526532712498099/11836693533873956595868936556001,4792099063644735757678933194001/11836693533873956595868936556001
0,1
4813407091256314526532712498099/11836693533873956595868936556001,4792099063644735757678933194001/11836693533873956595868936556001
168162813324288050/415372279431944421,1
0,0
1,0
1,15402092358872239/37875680186841000
