9
0,1
323284762947/400028108740,0
0,0
2488952333852070911/4047262806984916551,0
1,91878207990220702/4047262806984916551
2038270229163082649/4075499954472978649,3955384598994695849/4075499954472978649
1,1
1,0
14984952427/20001405437,1
4
5 0 2 3 5 8
4 8 5 3 1
4 8 6 4 1
3 7 1 4
0,1
323284762947/400028108740,0
0,0
2488952333852070911/4047262806984916551,0
2488952333852070911/4047262806984916551,0
2038270229163082649/4075499954472978649,3955384598994695849/4075499954472978649
2038270229163082649/4075499954472978649,3955384598994695849/4075499954472978649
2517189481340133009/4075499954472978649,-91878207990220702/4075499954472978649
14984952427/20001405437,1
