9
17213973457664/20551209475833,1
0,0
1,1
1899811366623976515929/2951926611683358640500,1
11090434378997/20551209475833,0
544504273320510524123/3527159876720281511847,888726678938359138276/3527159876720281511847
1,0
1,2638433197781922373571/2951926611683358640500
0,1
4
5 1 4 5 3 8
4 4 0 3 5
4 4 0 7 6
3 2 7 0
1,3337236018169/20551209475833
0,1
3840653290621717778776/3527159876720281511847,1052115245059382124571/3527159876720281511847
1,1052115245059382124571/2951926611683358640500
0,9460775096836/20551209475833
888726678938359138276/3527159876720281511847,2982655603399770987724/3527159876720281511847
888726678938359138276/3527159876720281511847,2982655603399770987724/3527159876720281511847
1,1052115245059382124571/2951926611683358640500
1,1
