42
1,1/25
0,1/15
1,1/30
0,7/75
1,271/300
1,2/75
0,0
0,1/50
1,1
0,8/75
1,7/150
1,8/75
1,1/50
0,2/75
0,11/150
0,4/75
1,1/10
0,1
1,7/75
0,64/75
0,1/25
1,64/75
1,3/50
0,271/300
1,1/150
0,1/10
0,2/25
1,0
0,17/150
0,7/150
0,1/75
0,3/50
1,13/150
0,13/150
1,2/25
0,1/150
1,4/75
0,1/30
1,1/15
1,1/75
1,11/150
1,17/150
20
4 6 35 24 27
4 30 35 24 39
4 30 7 12 39
4 13 7 12 5
4 13 37 2 5
4 20 37 2 0
4 20 29 10 0
4 15 29 10 36
4 15 31 22 36
4 1 31 22 38
4 1 14 40 38
4 26 14 40 34
4 26 33 32 34
4 3 33 32 18
4 3 25 16 18
4 9 25 16 11
4 9 28 41 11
4 19 21 41 28
4 19 23 4 21
4 23 17 8 4
1,67/75
0,67/75
1,133/150
0,67/75
1,29/300
1,67/75
0,67/75
0,133/150
1,0
0,67/75
1,133/150
1,67/75
1,133/150
0,67/75
0,133/150
0,67/75
1,133/150
0,0
1,67/75
0,11/75
0,67/75
1,11/75
1,133/150
0,29/300
1,133/150
0,133/150
0,67/75
1,67/75
0,133/150
0,133/150
0,67/75
0,133/150
1,133/150
0,133/150
1,67/75
0,133/150
1,67/75
0,133/150
1,67/75
1,67/75
1,133/150
1,133/150
