62
0,229/700
0,31/140
0,597/700
1,551/700
1,41/50
0,39/70
1,1
0,8/35
1,59/100
0,132/175
0,9/25
1,229/700
0,321/700
1,17/100
1,39/70
0,51/350
0,0
1,11/28
1,109/175
1,86/175
1,132/175
0,59/100
0,43/350
0,103/350
1,43/350
1,149/350
1,241/350
1,459/700
1,9/70
0,41/50
1,9/25
0,86/175
1,1/5
1,3/14
0,459/700
0,101/140
1,0
0,1/5
1,103/350
1,321/700
0,9/70
1,101/140
1,183/700
1,51/350
0,149/350
1,29/140
0,3/14
0,183/700
0,17/100
0,27/140
0,241/350
1,31/140
0,551/700
0,29/140
0,109/175
0,1
0,11/28
1,8/35
0,367/700
1,367/700
1,597/700
1,27/140
30
4 24 36 16 22
4 24 22 40 28
4 15 43 28 40
4 15 48 13 43
4 61 13 48 49
4 61 49 37 32
4 45 53 37 32
4 45 53 46 33
4 51 1 46 33
4 51 1 7 57
4 42 57 7 47
4 42 38 23 47
4 11 38 23 0
4 11 30 10 0
4 17 30 10 56
4 17 25 44 56
4 39 25 44 12
4 39 19 31 12
4 59 19 31 58
4 59 14 5 58
4 8 14 5 21
4 8 18 54 21
4 27 18 54 34
4 27 26 50 34
4 41 26 50 35
4 41 20 9 35
4 3 20 9 52
4 3 4 29 52
4 60 4 29 2
4 60 2 55 6
1,11/100
1,7/100
1,11/100
0,11/100
0,27/350
1,27/350
0,9/35
1,27/350
0,11/100
1,27/350
1,27/350
0,11/100
1,11/100
0,33/700
0,27/350
1,4/175
1,-43/350
0,11/100
0,27/350
0,27/350
0,27/350
1,11/100
1,0
1,27/350
0,0
0,27/350
0,27/350
0,11/100
0,1/175
1,27/350
0,27/350
1,27/350
0,27/350
0,27/350
1,11/100
1,11/100
0,-43/350
1,27/350
0,27/350
0,11/100
1,1/175
0,11/100
0,11/100
0,4/175
1,27/350
0,7/100
1,27/350
1,11/100
1,33/700
1,7/100
1,27/350
0,7/100
1,11/100
1,7/100
1,27/350
1,9/35
1,11/100
0,27/350
1,11/100
0,11/100
0,11/100
0,7/100
