10
1,1
0,1
4668574994082839/36028797018963968,0
1,0
1,3175168777555865/9007199254740992
1180950048125849317000422072297671676176943409151/4655031932249268850735236292323168406573282230272,346650853151987965396010387261126931660428760587/9310063864498537701470472584646336813146564460544
46681330516167601526533042553552657448004370873/94086337858483470475512690697903397473542471680,35714234014435321334474960503232905721614844137/47043168929241735237756345348951698736771235840
0,0
0,15904630880928347/18014398509481984
3109850371725513/4503599627370496,1
5
3 2 7 8
3 2 5 8
8 3 4 6 9 1 8 5 2
3 9 6 4
3 9 0 4
47405007342315868948979648144350740025538100807/94086337858483470475512690697903397473542471680,11328934914806413903281384845718793015156391703/47043168929241735237756345348951698736771235840
1,0
31360222024881129/36028797018963968,1
0,1
0,5832030477185127/9007199254740992
3474081884123419533734814220025496730396338821121/4655031932249268850735236292323168406573282230272,8963413011346549736074462197385209881486135699957/9310063864498537701470472584646336813146564460544
47405007342315868948979648144350740025538100807/94086337858483470475512690697903397473542471680,11328934914806413903281384845718793015156391703/47043168929241735237756345348951698736771235840
3474081884123419533734814220025496730396338821121/4655031932249268850735236292323168406573282230272,8963413011346549736074462197385209881486135699957/9310063864498537701470472584646336813146564460544
1,2109767628553637/18014398509481984
1393749255644983/4503599627370496,0
