18
1/4,1
3/8,1
3/8,0
1/2,1
1/2,0
1,1
5/8,0
3/4,0
5/8,1
3/4,1
7/8,1
7/8,0
1,0
1/4,0
0,1
1/8,1
1/8,0
0,0
8
4 14 15 16 17
4 0 15 16 13
4 0 1 2 13
4 3 1 2 4
4 3 8 6 4
4 9 8 6 7
4 9 10 11 7
4 5 10 11 12
9999999999999999999,0
9999999999999999999,1/8
9999999999999999998,1/8
9999999999999999999,0
9999999999999999998,0
9999999999999999999,0
9999999999999999998,1/8
9999999999999999998,0
9999999999999999999,1/8
9999999999999999999,0
9999999999999999999,1/8
9999999999999999998,1/8
9999999999999999998,0
9999999999999999998,0
9999999999999999999,0
9999999999999999999,1/8
9999999999999999998,1/8
9999999999999999998,0
