18
1/4,0
0,0
3/8,0
1/2,0
5/8,0
3/4,0
7/8,0
0,1
1/8,1
1/4,1
3/8,1
1/2,1
5/8,1
3/4,1
7/8,1
1,0
1,1
1/8,0
8
4 1 7 8 17
4 0 9 8 17
4 0 9 10 2
4 3 11 10 2
4 3 11 12 4
4 5 13 12 4
4 5 13 14 6
4 15 16 14 6
-9999999999999999998,1/8
-9999999999999999998,1/8
-9999999999999999998,0
-9999999999999999998,1/8
-9999999999999999998,0
-9999999999999999998,1/8
-9999999999999999998,0
-9999999999999999999,1/8
-9999999999999999999,0
-9999999999999999999,1/8
-9999999999999999999,0
-9999999999999999999,1/8
-9999999999999999999,0
-9999999999999999999,1/8
-9999999999999999999,0
-9999999999999999998,1/8
-9999999999999999999,1/8
-9999999999999999998,0
