9
0,1
1,42773248176099283/44780054292966025
16440163760690887/55810710288698455,13037462112599172/55810710288698455
1,0
1,1
38719898342795377/44780054292966025,1
30841638401/32818830140,1
0,0
322157443/529335970,0
4
5 5 0 7 8 2
4 5 2 8 6
4 1 3 8 6
3 4 1 6
1,0
6060155950170648/44780054292966025,0
39370546528007568/55810710288698455,42773248176099283/55810710288698455
39370546528007568/55810710288698455,42773248176099283/55810710288698455
6060155950170648/55810710288698455,-2006806116866742/55810710288698455
6060155950170648/44780054292966025,0
1977191739/32818830140,0
1,1
207178527/529335970,1
