34
3/4,1
13/16,1
7/8,1
15/16,1
7/16,1
1/2,1
9/16,1
5/8,1
1/8,1
0,1
1/16,1
3/16,1
1/4,1
5/16,1
1,1
0,0
1/8,0
1/16,0
3/16,0
1/4,0
5/16,0
3/8,0
7/16,0
1/2,0
9/16,0
1,0
5/8,0
11/16,0
3/4,0
13/16,0
7/8,0
15/16,0
3/8,1
11/16,1
16
4 9 10 17 15
4 8 10 17 16
4 8 11 18 16
4 12 11 18 19
4 12 13 20 19
4 32 13 20 21
4 32 4 22 21
4 5 4 22 23
4 5 6 24 23
4 7 6 24 26
4 7 33 27 26
4 0 33 27 28
4 0 1 29 28
4 2 1 29 30
4 2 3 31 30
4 14 3 31 25
1,0
1,1/16
1,0
1,1/16
1,1/16
1,0
1,1/16
1,0
1,0
1,0
1,1/16
1,1/16
1,0
1,1/16
1,0
0,0
0,0
0,1/16
0,1/16
0,0
0,1/16
0,0
0,1/16
0,0
0,1/16
0,0
0,0
0,1/16
0,0
0,1/16
0,0
0,1/16
1,0
1,1/16
