34
3/4,0
13/16,0
7/8,0
15/16,0
0,1
1/16,1
1/8,1
3/16,1
1/4,1
5/16,1
3/8,1
7/16,1
1/2,1
9/16,1
9/16,0
11/16,0
1,1
1,0
5/8,0
1/8,0
1/16,0
0,0
3/16,0
1/4,0
5/16,0
3/8,0
7/16,0
1/2,0
5/8,1
11/16,1
3/4,1
13/16,1
7/8,1
15/16,1
16
4 4 5 20 21
4 6 5 20 19
4 6 7 22 19
4 8 7 22 23
4 8 9 24 23
4 10 9 24 25
4 10 11 26 25
4 12 11 26 27
4 12 13 14 27
4 28 13 14 18
4 28 29 15 18
4 30 29 15 0
4 30 31 1 0
4 32 31 1 2
4 32 33 3 2
4 16 33 3 17
13370,0
13370,1/16
13370,0
13370,1/16
13371,0
13371,1/16
13371,0
13371,1/16
13371,0
13371,1/16
13371,0
13371,1/16
13371,0
13371,1/16
13370,1/16
13370,1/16
13371,0
13370,0
13370,0
13370,0
13370,1/16
13370,0
13370,1/16
13370,0
13370,1/16
13370,0
13370,1/16
13370,0
13371,0
13371,1/16
13371,0
13371,1/16
13371,0
13371,1/16
