34
1,5/8
1,1/16
1,0
1,1/8
1,3/16
1,1/4
1,5/16
1,3/8
1,7/16
1,1/2
1,9/16
1,11/16
1,3/4
1,13/16
1,7/8
1,15/16
0,5/8
0,11/16
0,3/4
0,13/16
0,7/8
0,15/16
0,1
0,1/8
0,0
0,1/16
0,3/16
0,1/4
0,5/16
0,3/8
0,7/16
0,1/2
0,9/16
1,1
16
4 1 2 24 25
4 1 3 23 25
4 4 3 23 26
4 4 5 27 26
4 6 5 27 28
4 6 7 29 28
4 8 7 29 30
4 8 9 31 30
4 10 9 31 32
4 10 0 16 32
4 11 0 16 17
4 11 12 18 17
4 13 12 18 19
4 13 14 20 19
4 15 14 20 21
4 15 33 22 21
420,0
420,1/16
420,0
420,0
420,1/16
420,0
420,1/16
420,0
420,1/16
420,0
420,1/16
420,1/16
420,0
420,1/16
420,0
420,1/16
421,0
421,1/16
421,0
421,1/16
421,0
421,1/16
421,0
421,0
421,0
421,1/16
421,1/16
421,0
421,1/16
421,0
421,1/16
421,0
421,1/16
420,0
