34
0,5/8
0,7/16
0,1/2
0,9/16
0,0
0,1/16
0,1/8
0,3/16
0,1/4
0,5/16
1,5/8
1,11/16
1,3/4
1,13/16
1,7/8
1,15/16
0,1
1,1/8
1,1/16
1,0
1,3/16
1,1/4
1,5/16
1,3/8
1,7/16
1,1/2
1,9/16
1,1
0,3/8
0,11/16
0,3/4
0,13/16
0,7/8
0,15/16
16
4 18 19 4 5
4 18 17 6 5
4 20 17 6 7
4 20 21 8 7
4 22 21 8 9
4 22 23 28 9
4 24 23 28 1
4 24 25 2 1
4 26 25 2 3
4 26 10 0 3
4 11 10 0 29
4 11 12 30 29
4 13 12 30 31
4 13 14 32 31
4 15 14 32 33
4 15 27 16 33
-231,1/16
-231,0
-231,1/16
-231,0
-231,1/16
-231,0
-231,1/16
-231,0
-231,1/16
-231,0
-230,1/16
-230,0
-230,1/16
-230,0
-230,1/16
-230,0
-231,1/16
-230,1/16
-230,0
-230,1/16
-230,0
-230,1/16
-230,0
-230,1/16
-230,0
-230,1/16
-230,0
-230,1/16
-231,1/16
-231,0
-231,1/16
-231,0
-231,1/16
-231,0
