34
1,0
1,11/16
1,3/4
1,13/16
1,7/8
1,15/16
0,1/2
0,9/16
0,5/8
0,0
0,1/8
0,1/16
0,3/16
0,1/4
1,3/16
1,1/4
1,5/16
1,3/8
1,7/16
1,1/2
1,9/16
1,5/8
1,1/8
1,1/16
1,1
0,1
0,5/16
0,3/8
0,7/16
0,11/16
0,3/4
0,13/16
0,7/8
0,15/16
16
4 11 23 0 9
4 11 23 22 10
4 12 14 22 10
4 12 14 15 13
4 26 16 15 13
4 26 16 17 27
4 28 18 17 27
4 28 18 19 6
4 7 20 19 6
4 7 20 21 8
4 29 1 21 8
4 29 1 2 30
4 31 3 2 30
4 31 3 4 32
4 33 5 4 32
4 33 5 24 25
-888888881,0
-888888881,1/16
-888888881,0
-888888881,1/16
-888888881,0
-888888881,1/16
-888888880,0
-888888880,1/16
-888888880,0
-888888880,0
-888888880,0
-888888880,1/16
-888888880,1/16
-888888880,0
-888888881,1/16
-888888881,0
-888888881,1/16
-888888881,0
-888888881,1/16
-888888881,0
-888888881,1/16
-888888881,0
-888888881,0
-888888881,1/16
-888888881,0
-888888880,0
-888888880,1/16
-888888880,0
-888888880,1/16
-888888880,1/16
-888888880,0
-888888880,1/16
-888888880,0
-888888880,1/16
