34
1,1
1,1/16
1,3/16
1,1/4
1,5/16
1,11/16
1,3/4
1,13/16
1,7/8
1,15/16
0,1
0,1/2
0,1/8
0,0
0,1/16
0,3/16
0,1/4
0,9/16
0,5/8
1,3/8
1,9/16
1,5/8
0,5/16
0,3/8
1,7/16
0,7/16
1,1/2
1,0
1,1/8
0,11/16
0,3/4
0,13/16
0,7/8
0,15/16
16
4 1 27 13 14
4 1 28 12 14
4 2 28 12 15
4 2 3 16 15
4 4 3 16 22
4 4 19 23 22
4 24 19 23 25
4 24 26 11 25
4 20 26 11 17
4 20 21 18 17
4 5 21 18 29
4 5 6 30 29
4 7 6 30 31
4 7 8 32 31
4 9 8 32 33
4 9 0 10 33
888888881,1/16
888888881,0
888888881,0
888888881,1/16
888888881,0
888888881,0
888888881,1/16
888888881,0
888888881,1/16
888888881,0
888888880,1/16
888888880,1/16
888888880,1/16
888888880,1/16
888888880,0
888888880,0
888888880,1/16
888888880,0
888888880,1/16
888888881,1/16
888888881,0
888888881,1/16
888888880,0
888888880,1/16
888888881,0
888888880,0
888888881,1/16
888888881,1/16
888888881,1/16
888888880,0
888888880,1/16
888888880,0
888888880,1/16
888888880,0
