9
836123298639887581/1686408312607308080,0
0,0
1,0
828844479980624941/1686424088996581625,1684569358246640237/1686424088996581625
37490401302/50127438985,0
37381988157/50127438985,1
0,1
1,1838954360667843/1686408312607308080
1,1
4
5 1 0 3 5 6
4 0 4 5 3
4 7 4 5 8
3 7 2 4
0,850285013967420499/1686408312607308080
0,1
-1838954360667843/1686424088996581625,850285013967420499/1686424088996581625
1684569358246640237/1686424088996581625,857579609015956684/1686424088996581625
0,12637037683/50127438985
1,12745450828/50127438985
1,1
0,850285013967420499/1686408312607308080
1684569358246640237/1686424088996581625,857579609015956684/1686424088996581625
