7
0,1
1,0
1,1261007895663739/9007199254740992
1,1
0,0
1080863910568919/4503599627370496,1
35260188502245366047654343161158651570872292607/240636244586533163762288373317074394073058508800,29570562628116157168802095762345266414333928363/120318122293266581881144186658537197036529254400
3
6 0 5 6 2 1 4
3 2 6 5
3 2 3 5
0,1
1,0
7746191359077253/9007199254740992,0
90747559665150424712342090896191930622195326037/120318122293266581881144186658537197036529254400,205376056084287797714634030155915742502186216193/240636244586533163762288373317074394073058508800
1,1
0,3422735716801577/4503599627370496
90747559665150424712342090896191930622195326037/120318122293266581881144186658537197036529254400,205376056084287797714634030155915742502186216193/240636244586533163762288373317074394073058508800
